0.03271172 0.030939378 0.031054065 0.032480173 0.033023886 0.032917872 0.1702717 0.031955186 0.03195559 0.0312786 0.03153364 0.033886757 0.034062296 0.03389379 0.06161951 0.032799195 0.037995376 0.033448596 0.03400843 0.033956226 0.03400054 0.0397965 0.033284314 0.03326778 0.033858884
0.010775884 0.010106881 0.010133152 0.010581134 0.010638786 0.010627783 0.051575318 0.010409193 0.010374366 0.010183973 0.0102073075 0.060504474 0.07537367 0.085017435 0.059223343 0.010827942 0.10711958 0.10455362 0.04408408 0.07345707 0.06231483 0.12303403 0.010696979 0.010706697 0.017472483
0.0076465183 0.0020356462 0.0019998222 0.0020240278 0.0020291551 0.002026589 0.024478765 0.0020046935 0.0020037922 0.0019610561 0.0019840288 0.06803665 0.09057696 0.09664828 0.035226416 0.015962513 0.0056420197 0.16858199 0.008216273 0.13991854 0.1267148 0.13699183 0.0020183327 0.0020163578 0.053254995
0.09286189 0.0008686334 0.00067930453 0.013783793 0.0040063243 0.024639191 0.43748313 0.0020438521 0.00146102 2.6961165e-05 0.00021151276 0.019878628 0.037868157 0.031464152 0.020499084 0.035165466 0.004556279 0.01838982 0.0039345333 0.01691285 0.022450686 0.00820167 0.004609282 0.0038046762 0.194199
0.021604424 0.021279251 0.020488344 0.020932093 0.02156507 0.021609755 0.29959115 0.020956187 0.021017848 0.02043666 0.020824168 0.025131144 0.0269811 0.035136323 0.021945631 0.021534763 0.030090997 0.029683232 0.021852361 0.021939993 0.08206118 0.04446863 0.021601142 0.021595052 0.08567341
0.0010812796 0.0003601628 0.0003388635 0.00034628477 0.00035599532 0.0031236778 0.08270937 0.0003578871 0.00035394472 0.00034804846 0.00035080765 0.004223193 0.0033311269 0.0027398593 0.0014598585 0.0009617554 0.0037565008 0.012295533 0.0056354017 0.0019205861 0.007974103 0.0058367387 0.00061655923 0.0005539917 0.8589685
3.029383e-05 6.7436854e-06 3.8288727e-06 1.1425463e-05 1.2433096e-05 1.966184e-05 0.7076876 3.8733747e-06 3.872503e-06 3.8044125e-06 3.802153e-06 0.0034096977 0.0018453917 0.0011875766 0.0009244684 0.00011886149 0.0003389118 0.00020426731 7.5131844e-05 0.00089416205 0.00046495104 0.000694192 2.5177464e-05 1.9178133e-05 0.28201085
0.0289526 0.0276718 0.027097527 0.028024279 0.027918594 0.028172923 0.02819133 0.027522413 0.027332285 0.026971146 0.027187543 0.038144384 0.10225407 0.060860876 0.044302374 0.028924847 0.029005375 0.02896538 0.028947651 0.043810997 0.13378136 0.068919554 0.028897047 0.028812328 0.029331358
0.004738645 0.0014693089 0.0012124673 0.001225361 0.0015561723 0.025008924 0.0037547876 0.07215459 0.0012548408 0.0012014357 0.0012278117 0.56148916 0.06974876 0.019797783 0.007233679 0.0012556841 0.005333923 0.011643974 0.004183423 0.0033264956 0.010428144 0.0070220456 0.0016037532 0.0012610148 0.18086778
0.00072533835 0.00071657274 0.0006927583 0.0007053405 0.00071179995 0.0018869097 0.00072768086 0.017193826 0.000710876 0.0006937202 0.0007043645 0.17539829 0.63731575 0.09831607 0.008707818 0.000723816 0.0025744357 0.0039053685 0.0012314634 0.0042187655 0.006350987 0.005683755 0.0007190056 0.0007166196 0.028668694
7.6277545e-05 7.4337964e-05 7.1300565e-05 7.280655e-05 7.431861e-05 0.00013301137 7.6508346e-05 0.0025466096 7.347855e-05 7.4547184e-05 7.38821e-05 0.048581187 0.20281988 0.6638634 0.07144681 0.00040703904 0.0007338584 0.0009398073 0.00021499717 0.0029157845 0.0011048921 0.001040126 7.4496216e-05 7.413414e-05 0.0024366311
7.912729e-05 5.506933e-05 5.3391414e-05 5.4365195e-05 5.524776e-05 0.00079084554 0.00058673153 0.011766563 5.475021e-05 5.533719e-05 5.457844e-05 0.028877474 0.05656723 0.10561355 0.7741117 0.004378783 0.0009245137 0.0006354422 0.00016313468 0.003134877 0.0009804067 0.0005131065 5.57071e-05 5.539046e-05 0.010382767
0.0004909961 0.0004962722 0.0004862095 0.00048826096 0.00048280414 0.0004932126 0.00048712216 0.00058613863 0.0004699558 0.00047387957 0.00048644023 0.0004745668 0.08795024 0.060510095 0.015822927 0.0005071321 0.0037061095 0.0005547791 0.0014815724 0.09741594 0.096870966 0.62773466 0.0005091631 0.00050664385 0.0005139813
0.00065187545 0.0006573069 0.0006407796 0.000644559 0.00063932984 0.0006577057 0.0006477958 0.0010315998 0.00062467466 0.0006201197 0.00063523056 0.00062330184 0.1214183 0.060971 0.0131508345 0.00066932576 0.002640407 0.0006884889 0.001967812 0.06417425 0.13381812 0.5904006 0.00067419815 0.0006701203 0.0006823292
0.0006323658 0.0006381812 0.00061847013 0.00061864214 0.00062117836 0.0006393046 0.000625087 0.00077340216 0.0006102868 0.00060304615 0.00060628867 0.00059603265 0.087455906 0.14851639 0.0154434 0.00063966226 0.0035491965 0.0008589208 0.0035806564 0.07439294 0.12493315 0.5310877 0.00065327575 0.00064845255 0.0006581364
0.0007491284 0.0007489016 0.0007327994 0.0007385028 0.0007345703 0.0007529151 0.0007501207 0.0037040578 0.00072139816 0.00071288587 0.0007172759 0.0006922652 0.103484936 0.16512063 0.2392124 0.0007618782 0.0011523298 0.0007826921 0.0012164485 0.06296724 0.10344231 0.30778658 0.0007702795 0.0007643879 0.0007830012
0.0021470604 0.00062045833 0.00057588844 0.00057689607 0.00059417397 0.008191383 0.00059631316 0.017426701 0.0005896594 0.00058412616 0.00058399 0.00057890464 0.04684564 0.1353897 0.13646941 0.28055874 0.004032943 0.005303937 0.009543709 0.13640136 0.058794115 0.05093385 0.001959462 0.00076750934 0.09993403
0.0024064705 0.0023380758 0.0022955828 0.0023198726 0.0023364818 0.0024180189 0.0024186834 0.015956922 0.0022918421 0.002301496 0.002290564 0.0023134989 0.06428369 0.059770532 0.07022907 0.16523454 0.014631437 0.002450099 0.0024641247 0.5234977 0.029530866 0.016850935 0.0024397604 0.0024234315 0.004506402
0.00060619554 0.00060826 0.00058556016 0.0005804188 0.0005957195 0.002935901 0.00060064753 0.0013497567 0.0005953739 0.00059415156 0.00059651624 0.00059558544 0.010374152 0.014517296 0.009222118 0.016059218 0.0061201863 0.039655123 0.013744889 0.07515706 0.24520245 0.543504 0.0053779734 0.0018022769 0.0090192
0.0008447996 0.0008378862 0.000793281 0.0007973966 0.00082000357 0.0013245991 0.0008272017 0.0068245097 0.00081224105 0.0008099974 0.0008082735 0.0008119723 0.0054110996 0.007984109 0.007448164 0.010032431 0.0029192655 0.04967721 0.024809804 0.014934408 0.05180163 0.75463533 0.04037218 0.0071142213 0.0065479367
0.00024332973 0.00024573697 0.00024391696 0.00024294344 0.00024102283 0.00024968685 0.0002462889 0.0006357326 0.00023828652 0.00023755556 0.00023996619 0.00023325393 0.052915487 0.087311804 0.06764974 0.051813677 0.00025226464 0.00025515273 0.00025498695 0.0004764917 0.10915458 0.6258592 0.0002536651 0.00025066483 0.0002544621
0.00058522983 0.00058955076 0.0005723524 0.00057444564 0.0005753778 0.0005989827 0.00058523315 0.0009827334 0.0005746454 0.0005709717 0.00056933594 0.00055966526 0.0654636 0.09355987 0.06502178 0.048690077 0.0005937798 0.0006046122 0.0005979964 0.0006058041 0.15642694 0.55913496 0.00060611 0.000596234 0.00075972854
0.0008364629 0.0008430173 0.00083319587 0.0008342323 0.00082613697 0.0008572869 0.00084581657 0.00088202703 0.000817188 0.00081420277 0.0008211119 0.000802169 0.10617252 0.13139257 0.10162962 0.07710912 0.0008763703 0.00088178774 0.0008683417 0.000864096 0.46114117 0.10645895 0.0008681409 0.00084778666 0.00087664364
0.01728545 0.016819669 0.016397806 0.016649961 0.016843306 0.017372835 0.01714724 0.06258178 0.0167202 0.016598644 0.01631648 0.016424984 0.03617038 0.054290514 0.092530504 0.05362112 0.017535724 0.028913504 0.030617386 0.017575467 0.056680493 0.12443602 0.17917481 0.017186394 0.04410932
0.0039059906 0.003810432 0.0037129067 0.0037675065 0.0038104884 0.0039367685 0.0038777327 0.01743362 0.0037914831 0.0037662887 0.003709095 0.0037406448 0.012597015 0.01880613 0.03349672 0.020740962 0.0044917585 0.023703236 0.050151676 0.055713695 0.04011148 0.12115962 0.5067282 0.03803249 0.015004111
0.03196406 0.0061321687 0.0008500209 0.0008562977 0.0012286755 0.0008911159 0.0008635073 0.69018525 0.00089038577 0.0008823752 0.00086353323 0.000873524 0.002549872 0.004234032 0.00419932 0.003606632 0.0014301795 0.035916273 0.05939017 0.10041528 0.0043691928 0.019350447 0.011579235 0.009560183 0.006918168
---
0.3365687 0.4048666 0.0037360555 0.053967584 0.009573332 0.0037179424 0.0037003567 0.061004043 0.0072318935 0.0036982999 0.0036871275 0.014192664 0.008700146 0.008623643 0.0037581236 0.0037438758 0.0036869412 0.003753979 0.0037169922 0.008138846 0.006991669 0.0037195934 0.003712534 0.003742146 0.03176676
0.013425648 0.57266325 0.013353594 0.013495928 0.013563342 0.013160041 0.013159909 0.062370256 0.01349402 0.012978923 0.012967188 0.028446501 0.018005563 0.013552942 0.013423718 0.013368553 0.013449368 0.03447409 0.01923498 0.02430713 0.013491898 0.013376172 0.013239484 0.013398461 0.013599089
0.04042886 0.04544871 0.04112982 0.041126166 0.04002566 0.03957538 0.039500486 0.040766396 0.039987896 0.03858864 0.038901836 0.04077425 0.040357072 0.040206198 0.039871663 0.03909644 0.03884008 0.039174892 0.038560767 0.040908195 0.03963471 0.03928939 0.039075185 0.038989883 0.039741468
0.031512965 0.06353364 0.2460188 0.031342022 0.030541074 0.030638095 0.030475233 0.030789573 0.030136125 0.029188257 0.029364763 0.030503592 0.030233601 0.030166792 0.030101813 0.029596992 0.028973807 0.029098876 0.028657228 0.030552108 0.029902358 0.029564707 0.029457496 0.029322205 0.030328026
0.027138744 0.22051252 0.027117297 0.025751524 0.026859466 0.026191087 0.0264397 0.16677566 0.026961917 0.026112862 0.02603187 0.027128858 0.02698476 0.026977768 0.026722291 0.026362658 0.026282934 0.026708106 0.026345277 0.027201382 0.026908955 0.026373606 0.026576383 0.026692323 0.026841996
0.025987487 0.20518051 0.025897885 0.024761362 0.025650438 0.02565034 0.025334494 0.026563877 0.025524344 0.024833258 0.02488217 0.07450525 0.035249177 0.026434716 0.02571788 0.025637982 0.025560886 0.026083402 0.02583065 0.042817164 0.025878912 0.025571026 0.024907129 0.025118541 0.13042113
0.03024697 0.037239525 0.030491918 0.029710423 0.029961862 0.2869082 0.02972543 0.02989218 0.029312335 0.028451419 0.028977564 0.02998339 0.029581359 0.029419372 0.02936584 0.029336596 0.028820224 0.028997807 0.028347233 0.030247798 0.02895684 0.028807035 0.028345734 0.02831145 0.030561592
0.0034259418 0.016565997 0.0028878541 0.0014305373 0.0019594296 0.15452713 0.012899481 0.059267264 0.004746756 0.0014295048 0.0014334249 0.011485722 0.0046337186 0.0029468446 0.0021821046 0.001454622 0.0014155535 0.0014412539 0.0014186916 0.014938354 0.0014582062 0.0014317827 0.0014344088 0.001434259 0.6917511
0.020072382 0.038079567 0.02002042 0.019000838 0.019845895 0.020355117 0.019514678 0.019798914 0.020347422 0.019637479 0.019626278 0.15578112 0.0739408 0.031483006 0.029671447 0.021394195 0.060797703 0.13376012 0.025050031 0.121932924 0.020365661 0.02869627 0.020224573 0.020297725 0.0203055
0.012570577 0.012821728 0.012451443 0.011885984 0.012269532 0.0128987115 0.012273356 0.012492623 0.0133078955 0.012469178 0.012424568 0.014289974 0.06129118 0.016669538 0.021812748 0.03751936 0.10335429 0.38131493 0.108404934 0.051987156 0.012844622 0.014085757 0.012760743 0.012929738 0.012869496
0.00054055604 0.0008244177 0.0005363208 0.0005085018 0.00052348734 0.0017636741 0.00053163065 0.000540966 0.0008587238 0.0006375645 0.0005436725 0.012684141 0.029414905 0.031078903 0.02614114 0.022629898 0.16896132 0.2999403 0.3383696 0.044504806 0.0016836816 0.0091927 0.0014907741 0.004653953 0.0014444676
0.00040973883 0.0011200025 0.00040867933 0.00039113555 0.00039918278 0.006584679 0.0004079992 0.00041346948 0.0016526236 0.0018893059 0.00057500624 0.0036793225 0.00653607 0.004764445 0.14632349 0.16238487 0.11200132 0.37660477 0.1379664 0.016708538 0.0011452092 0.0046372013 0.0015608447 0.006277787 0.0051580383
0.00035303435 0.0026850866 0.0004217592 0.00013341996 0.00013552401 0.0067394716 0.00013665663 0.00013644293 0.16546214 0.026947116 0.00047065827 0.0013445056 0.032086596 0.010767324 0.029646931 0.009090563 0.0033083651 0.0022717621 0.0014439262 0.69259506 0.0007948255 0.0030760972 0.00021787097 0.00048444545 0.009250381
0.00028383525 0.00213831 0.00028440345 0.00027386443 0.00027928615 0.002203118 0.0002792631 0.0002798914 0.015487419 0.13159007 0.0015045619 0.0022213522 0.0071855057 0.013884367 0.029882358 0.009721237 0.0035856229 0.0032595608 0.0015213283 0.7637797 0.0010697927 0.0037812432 0.0002838698 0.00051069184 0.0047092447
0.000105027895 0.0013890886 8.663723e-05 5.109608e-05 5.262798e-05 0.00065254205 5.207823e-05 5.2563028e-05 0.0037062117 0.015706547 0.0044498337 0.0050150924 0.004565433 0.0031413066 0.030751707 0.0056626997 0.004782152 0.0041665663 0.0019054594 0.9021641 0.0014860857 0.0071293036 0.00023034314 0.0008200916 0.001875394
0.004125494 0.0042640897 0.004113076 0.0039850497 0.0040522274 0.004229658 0.004027065 0.004047284 0.0042664288 0.0055283024 0.004447285 0.054256547 0.0042458135 0.004222152 0.0042168093 0.0611284 0.013183369 0.027676504 0.006518522 0.7563576 0.0042073256 0.0042724586 0.0041474947 0.0042096316 0.004271393
0.012293614 0.012540658 0.012013033 0.011615386 0.012070001 0.012689572 0.011969521 0.012297873 0.012669831 0.012577197 0.012341128 0.012418842 0.012604706 0.01259065 0.012556584 0.03359745 0.21230732 0.25337192 0.10099141 0.1317558 0.012638738 0.012624923 0.012460383 0.012636849 0.03236664
0.00080832216 0.0008304382 0.00080068974 0.0007811381 0.00078561425 0.0008405606 0.0007907673 0.0008099693 0.0008242146 0.0008235526 0.00081724423 0.0008155325 0.0008398814 0.0008401594 0.00083032774 0.002138519 0.026866173 0.374045 0.54633087 0.017578198 0.00083924533 0.003147532 0.0018884073 0.013819136 0.0011085484
0.0003366062 0.00034672153 0.0003331988 0.00031917152 0.00032993164 0.00035312984 0.00033259817 0.00034044104 0.0003472273 0.00034716373 0.00033922796 0.0003412042 0.00059392484 0.0008147047 0.0004506409 0.0036824972 0.0057174144 0.61250234 0.3436605 0.008800289 0.0010986459 0.0047966815 0.002965426 0.010494806 0.00035536903
0.00012249874 0.00012565199 0.00012135779 0.000117605174 0.000119541975 0.00012720445 0.00012106142 0.00012311066 0.00012673571 0.00012617963 0.00012400525 0.00012358601 0.00012874023 0.00012878321 0.00012779282 0.00013035981 0.00092975085 0.18498532 0.7948532 0.00046783497 0.00012838797 0.007088345 0.00090140797 0.008523163 0.00012841931
6.867966e-05 0.00045585327 6.884597e-05 6.649409e-05 6.725475e-05 0.00038268758 6.7304594e-05 6.839918e-05 0.00021342066 0.00033498285 0.00014256782 0.001160747 0.0015103361 0.000971554 0.00046493925 0.0066336324 0.053502146 0.8397461 0.07144996 0.01647469 0.0005787168 0.0034516691 0.00032098024 0.00091702974 0.0008810276
1.6148197e-05 0.00022542475 2.3120572e-05 1.550771e-05 1.610965e-05 0.000112558184 1.6011718e-05 1.602377e-05 0.00044596297 0.0005044628 5.7008427e-05 0.00032838547 0.00087357045 0.0005967903 0.00041180552 0.005039856 0.011615864 0.33779633 0.6037679 0.0017057897 0.03277272 0.0027405282 0.00012657285 0.00060632895 0.00016931328
9.932845e-05 0.000102871105 0.000100238474 9.654679e-05 9.873987e-05 0.00010289229 9.8901306e-05 9.9610574e-05 0.00010233596 0.00010310889 0.00010267762 0.00010380862 0.000103511265 0.00010311086 0.00010229585 0.0003685059 0.0019764046 0.05327435 0.4834774 0.45281225 0.0023870384 0.00010185536 0.00022504358 0.0037534656 0.00010373282
6.6688904e-06 2.1941045e-05 6.6271227e-06 6.379973e-06 6.585943e-06 7.1947507e-06 6.4986766e-06 6.614198e-06 4.21982e-05 2.318798e-05 6.759707e-06 6.753914e-06 6.781699e-06 7.1053305e-06 6.789782e-06 6.3166866e-05 0.00020870639 0.03183285 0.08581797 0.7912209 5.288672e-05 1.4698667e-05 0.009365089 0.08124873 6.801545e-06
1.5382266e-05 1.5829495e-05 1.5252577e-05 1.4667882e-05 1.515413e-05 1.5688196e-05 1.5004557e-05 1.5261146e-05 2.5235682e-05 1.8717188e-05 1.5530048e-05 1.551119e-05 1.5673571e-05 1.5736445e-05 1.570336e-05 5.048006e-05 0.00022443186 0.03379909 0.1333219 0.8226977 4.743759e-05 1.580524e-05 0.007561632 0.0020215097 1.569339e-05
0.0013605849 0.0045375912 0.00134981 0.0013023689 0.0013419908 0.7808639 0.0026214507 0.0030498828 0.030388428 0.001355468 0.0013070741 0.0013104529 0.047013562 0.024794532 0.022779062 0.003800621 0.0033858402 0.005171487 0.007911352 0.010974108 0.02941699 0.008363157 0.0028945506 0.0013468275 0.0013587554
---
